637511
13270
863164
843275
419323
103054
976881
972914
746542
725649
769552
33691
563405
296717
12472
591978
78225
335876
22652
422371
867713
462664
917774
441230
629549
696879
526850
404371
522350
71277
918660
387731
133939
757699
199889
232241
453134
391074
683136
888120
593294
391661
799586
547795
68548
967435
79537
923119
661785
936318
44439
926746
977718
460793
198123
536404
356174
694090
924670
328827
553160
669924
856799
935546
879187
195006
955768
991449
346583
235998
859772
381377
521511
848332
866314
31621
431368
73332
10365
566196
938225
409317
353501
324897
159595
501932
826589
347402
245274
675047
920743
372256
614119
375453
385142
623346
632332
463581
735817
25410
31320
621363
206617
592885
946997
351522
539156
500003
142579
754692
343585
716507
23180
315781
57323
320655
862736
160053
354927
877274
541144
221717
592057
236811
61076
619428
935808
267364
248819
116692
732653
32210
410592
282522
362638
638207
225626
718751
284618
412936
646665
80055
579895
751724
40841
214188
452294
123931
462557
964503
923548
854203
73808
51218
13207
712024
207862
672056
957227
926758
767523
417702
635043
368736
861676
197918
798850
618711
706863
147150
781386
458599
41370
93766
930320
418534
668048
761539
220178
827532
660842
303368
873812
683623
613088
945518
331015
273372
632012
305047
764647
547594
787318
186015
862586
697589
792266
742210
326017
557748
868932
699304
240722
192626
779103
619138
135660
74051
112549
698419
691297
460961
14873
904062
404082
713571
913831
256543
678758
377905
770983
544645
440040
565567
569927
701903
923000
90716
413922
266923
723328
521733
964721
742508
279482
458704
119145
581262
288555
341963
226672
195016
392360
643919
522255
841767
558966
764571
329895
806703
958866
114283
873200
500247
705023
739038
564468
390581
6502
209368
21967
601310
126442
308150
532957
447749
267951
799224
753957
808720
318585
47883
363140
625870
408918
64977
292059
649078
891597
496489
484024
872959
589754
776020
611678
46272
749856
7086
808957
436389
744582
801870
875853
142915
425272
849420
389813
588050
238329
500694
3034
53468
732918
220292
426609
676058
101702
392789
40702
891240
748502
266810
52490
4063
205519
745286
305048
469090
124495
596955
349606
454895
22258
306176
697425
598104
724750
248887
689524
131339
27776
376357
25850
7895
304687
167800
672567
771305
333146
300923
806223
678909
268866
76623
544698
42779
315769
525207
976023
469479
892167
369400
403616
682661
598176
498346
107894
424558
663580
342000
124075
117815
488498
325236
913959
267509
27473
286620
876268
915576
892127
490430
484804
185423
360116
202801
457390
925115
583302
842669
235913
839121
93029
683925
374259
241319
369332
116589
920167
353389
634049
395568
708369
75095
45502
387321
793339
413791
201791
599898
545116
397104
632916
827914
666565
595162
888414
960942
784715
403309
18216
15837
378619
717982
664331
646738
48535
510715
309293
943549
203268
582816
540555
102153
897783
109557
914081
36212
293326
463207
137561
817990
805618
920472
81113
789948
912918
728149
205666
629684
519720
34185
695354
949413
130443
849346
551458
125705
699352
779364
820755
642684
530323
663745
660628
628188
750071
345933
527046
859564
130553
771754
86817
699557
100781
756830
986867
408911
815535
913623
257066
51461
25955
285065
200477
788619
982734
59505
944450
222004
609815
540683
141488
731741
601761
300780
858940
912725
765917
846795
63430
854218
826568
757439
449177
365091
251359
386202
217485
473570
480905
150378
876253
331010
203719
417791
845551
926979
115397
399380
853950
787017
796193
814394
823413
986604
432837
991237
213627
893681
96153
703322
617335
247243
2242
906481
177311
43731
292561
889883
698087
589987
750413
556797
735132
969227
744394
855743
511947
771384
180088
749063
20502
94137
239152
436467
239862
756570
655298
397927
381205
803128
799628
417563
25626
862695
597979
296407
911659
957440
459189
889545
916605
629820
104388
644470
469153
547567
143064
218727
524382
159180
439586
115292
47188
127974
767690
329634
978764
947630
391786
943913
790677
886356
422045
965924
802034
815909
368111
873664
657220
265121
662225
170573
210355
47859
82537
684840
845004
457215
144870
11998
841053
488438
865565
184658
648442
12828
263999
356919
431700
96830
346656
821568
292432
97187
706836
730643
123480
150510
266114
768334
27307
941615
724011
735004
389857
696991
213691
383949
286750
310981
896522
695536
865185
148770
927418
52590
586640
320185
948611
879311
122480
590152
96583
604502
667362
726219
945327
626479
200204
58668
665349
309842
321865
636396
605183
821453
529651
197180
233816
167253
768946
760006
197805
936504
342265
549412
109674
947846
838330
174300
101556
650361
411758
184765
351428
969362
147737
92001
554077
281647
342928
575597
517051
288326
232020
806270
755133
990981
657967
669108
571700
417274
328632
244879
236316
3723
733835
783423
